0111101101101111
0010101101101010
0010101101010000
0000010101101010
0110101101101010
0011101101101010
0010101101101110
0010101101101011
0010101101101111
0111101101101010
1010110010010111
1001001001001001
1010010010010010
1010110010010010
1001011001001001
1010010010010111
1001011001001011
1010110010010110
1010110010010011
1000110010010111
2111001111100111
2010001010100010
2110001010100011
2011001010100010
2010001010100110
2010001010100011
2110001010100010
2010001011100010
2010001110100010
2111001010100111
3111001011001111
3011001011001011
3111001111001111
3110010110010110
3111001011001011
3011001011001111
3011001010001011
3111001111001011
3011001111001111
3110010100010110
4101101111001001
4000101111001001
4101111001001000
4001101111001001
4100101111001001
4222222222222222
4222222222222222
4222222222222222
4000101011001001
4000101010001001
5111100111001111
5010100010001010
5011100010001110
5110100010001010
5010100010001011
5010100010001110
5011100010001010
5010100110001010
5010100011001010
5111100010001111
6111100111101111
6110100111101111
6010100110101010
6010100111101111
6010100110101110
6110100110101110
6111100110101110
6111100110101010
6110100110101010
6110100110101111
7111001010100100
7110001001010010
7110001010100100
7111001001010010
7110010111010010
7111001011001001
7110001011001001
7011001010100100
7011001001010010
7010001001010010
8111101111101111
8010101010101010
8110101010101010
8011101010101010
8010101010101110
8010101010101011
8010101011101010
8010101110101010
8010101111101010
8010101010101111
9111101111001111
9111101111001011
9010101011001010
9111101111001010
9011101011001010
9011101011001011
9011101011001111
9010101011001111
9010101011001011
9111101011001011